objective: L1
solver: DCD

constraint: 0.0 0.0 0.0 0.0 0.0 0.0 0.0 1.0 1.0 1.0 | -3.0 | Less
constraint: 1.0 0.0 0.0 0.0 0.0 0.0 0.0 1.0 0.0 0.0 | 3.0 | Less
constraint: 0.0 2.0 0.0 0.0 0.0 0.0 0.0 1.0 0.0 0.0 | 0.0 | Less
constraint: 0.0 0.0 0.0 3.0 0.0 0.0 0.0 1.0 0.0 0.0 | 1.0 | Less
constraint: 0.0 0.0 4.0 0.0 1.0 0.0 0.0 1.0 0.0 0.0 | -9.0 | Less
constraint: 0.0 -10.0 0.0 0.0 0.0 5.0 0.0 1.0 0.0 0.0 | -2.0 | Less
constraint: 0.0 0.0 0.0 0.0 0.0 0.0 0.0 1.0 0.0 0.0 | 3.0 | Less
constraint: 0.0 0.0 0.0 0.0 0.0 0.0 9.0 1.0 0.0 7.0 | -1.0 | Less
constraint: 0.0 0.0 0.0 0.0 0.0 0.0 0.0 1.0 0.0 0.0 | 6.0 | Less
constraint: 0.0 0.0 0.0 4.0 3.0 2.0 0.0 1.0 0.0 0.0 | 5.0 | Less
constraint: 9.0 0.0 0.0 0.0 0.0 0.0 0.0 1.0 0.0 8.0 | 0.0 | Less
constraint: 7.0 0.0 0.0 0.0 0.0 0.0 0.0 1.0 0.0 0.0 | 0.0 | Less
constraint: 5.0 0.0 0.0 10.0 0.0 0.0 0.0 1.0 0.0 0.0 | 0.0 | Less
constraint: 3.0 0.0 0.0 0.0 -2.0 0.0 0.0 1.0 0.0 1.0 | -20.0 | Less
constraint: 1.0 0.0 0.0 0.0 0.0 3.0 0.0 1.0 0.0 0.0 | 8.0 | Less
constraint: -1.0 9.0 0.0 3.0 0.0 0.0 0.0 1.0 0.0 0.0 | -3.0 | Less
constraint: -2.0 0.0 1.0 0.0 0.0 7.0 0.0 1.0 0.0 9.0 | 2.0 | Less
constraint: 0.0 0.0 -6.0 0.0 -2.0 2.0 0.0 1.0 0.0 0.0 | 1.0 | Less
